fahrenheit26 <- c(32, 68, 14, 0, 113, 104, 198)
celsius26 <- 5/9 * (fahrenheit26 - 32)
celsius26
# [1]  0.000000 20.000000 -10.000000 -17.777778 45.000000 40.000000 92.222222
