reconstructed <- c(first_last[1], middle_values, first_last[2])
reconstructed
# [1]  3.00  3.75  4.50  5.25  6.00  2.00 -5.10 -33.00  2.00 -5.10 -33.00  2.17
